---ROUND2
Testing value: arousal
Testing model: randomforest
Param       MSE     T-MSE       R-MSE
1.0000      2.09        0.42        1.69
5.0000      1.13        0.35        1.60
10.0000     1.06        0.33        1.61
25.0000     0.96        0.30        1.67         best
50.0000     0.98        0.29        1.65
100.0000        1.01        0.29        1.61
Error:
0.9578449580368099
Testing value: arousal
Testing model: svm
SVM kernel: rbf
Param       MSE     T-MSE       R-MSE
0.0010      1.59        1.04        1.65
0.0050      1.43        0.96        1.69
0.0100      1.26        0.90        1.68
0.0500      1.04        0.78        1.67
0.1000      1.05        0.75        1.67
0.2500      0.99        0.69        1.60         best
0.5000      0.99        0.63        1.65
1.0000      1.05        0.55        1.59
5.0000      1.09        0.32        1.58
10.0000     1.28        0.23        1.67
25.0000     1.37        0.15        1.63
50.0000     1.62        0.11        1.65
100.0000        1.75        0.10        1.56
Error:
0.9924686116847745
Testing value: arousal
Testing model: svm
SVM kernel: linear
Param       MSE     T-MSE       R-MSE
0.0010      1.04        0.79        1.68
0.0050      1.05        0.76        1.57
0.0100      0.93        0.76        1.65
0.0500      0.92        0.76        1.66         best
0.1000      1.06        0.75        1.68
0.2500      1.12        0.75        1.67
0.5000      1.04        0.75        1.58
1.0000      0.98        0.75        1.61
5.0000      1.01        0.75        1.70
10.0000     1.06        0.75        1.62
25.0000     1.05        0.75        1.57
50.0000     1.13        0.75        1.72
100.0000        1.01        0.75        1.51
Error:
0.9184387804475674
Testing value: arousal
Testing model: svm
SVM kernel: poly
Param       MSE     T-MSE       R-MSE
0.0010      1.61        1.05        1.66
0.0050      1.47        1.00        1.64
0.0100      1.48        0.95        1.68
0.0500      1.39        0.84        1.63         best
0.1000      1.62        0.79        1.67
0.2500      2.93        0.71        1.62
0.5000      4.55        0.64        1.69
1.0000      6.29        0.56        1.73
5.0000      12.97       0.38        1.62
10.0000     2.59        0.29        1.63
25.0000     4.09        0.21        1.62
50.0000     40.14       0.15        1.66
100.0000        14.92       0.12        1.65
Error:
1.3860424611465185
Testing value: arousal
Testing model: svm
SVM kernel: sigmoid
Param       MSE     T-MSE       R-MSE
0.0010      1.52        1.02        1.66
0.0050      1.22        0.90        1.65
0.0100      1.16        0.84        1.65
0.0500      0.99        0.80        1.62         best
0.1000      1.19        0.82        1.66
0.2500      1.69        1.03        1.63
0.5000      6.00        1.56        1.71
1.0000      26.67       2.99        1.62
5.0000      794.73      15.20       1.62
10.0000     2655.23     29.95       1.65
25.0000     18146.12        74.16       1.63
50.0000     61719.04        151.41      1.62
100.0000        282705.94       303.13      1.65
Error:
0.9862864792261441



---ROUND1
Testing value: arousal
Testing model: randomforest
Param       MSE     T-MSE       R-MSE
5.0000      1.22        0.35        1.64
10.0000     1.05        0.33        1.65
25.0000     1.12        0.30        1.77
50.0000     1.04        0.29        1.57
100.0000        0.99        0.29        1.63         best
Error:
0.9883554311165644

Testing value: arousal
Testing model: svm
SVM kernel: rbf
Param       MSE     T-MSE       R-MSE
0.0010      1.49        1.05        1.55
0.0050      1.45        0.96        1.71
0.0100      1.16        0.91        1.54
0.0500      1.05        0.78        1.65
0.1000      1.05        0.75        1.62
0.2500      1.06        0.69        1.63
0.5000      1.00        0.63        1.60         best
1.0000      1.02        0.55        1.62
5.0000      1.12        0.32        1.68
10.0000     1.21        0.23        1.66
25.0000     1.42        0.15        1.60         
50.0000     1.52        0.11        1.58
100.0000        1.65        0.10        1.61
Error:
1.003942470421256

Testing value: arousal
Testing model: svm
SVM kernel: linear
Param       MSE     T-MSE       R-MSE
0.0010      1.09        0.79        1.67
0.0050      1.04        0.76        1.61
0.0100      0.97        0.76        1.64         best
0.0500      1.07        0.75        1.61
0.1000      1.03        0.75        1.61
0.2500      1.03        0.75        1.64
0.5000      1.07        0.75        1.63
1.0000      1.02        0.75        1.65
5.0000      1.05        0.75        1.63
10.0000     1.00        0.75        1.65
100.0000        1.01        0.75        1.64
Error:
0.974238409396003

Testing value: arousal
Testing model: svm
SVM kernel: poly
Param       MSE     T-MSE       R-MSE
0.0010      1.57        1.05        1.61
0.0050      1.55        0.99        1.71
0.0100      1.40        0.96        1.65         best
0.0500      1.64        0.84        1.64
0.1000      1.65        0.78        1.73
0.2500      1.53        0.71        1.64
0.5000      1.75        0.64        1.68
1.0000      7.83        0.57        1.59
5.0000      7.75        0.38        1.66
10.0000     20.95       0.29        1.61
100.0000        44.25       0.12        1.63
Error:
1.395776278833366

Testing value: arousal
Testing model: svm
SVM kernel: sigmoid
Param       MSE     T-MSE       R-MSE
0.0010      1.63        1.01        1.78
0.0050      1.24        0.90        1.65
0.0100      1.11        0.85        1.65
0.0500      1.01        0.80        1.63         best
0.1000      1.11        0.82        1.65
0.2500      1.54        1.03        1.60
0.5000      5.88        1.57        1.64
1.0000      23.61       2.99        1.63
5.0000      661.78      15.03       1.66
10.0000     2164.39     30.24       1.55
100.0000        296641.05       297.17      1.66
Error:
1.006789134231031