--ROUND3---------------
Testing value: valence
Testing model: randomforest
Param       MSE     T-MSE       R-MSE
1.0000      1.80        0.39        1.41
5.0000      1.03        0.33        1.32
10.0000     0.99        0.31        1.41
25.0000     0.86        0.29        1.30         best
50.0000     0.92        0.28        1.40
100.0000        0.89        0.28        1.36
Error:
0.861950361423313
Testing value: valence
Testing model: svm
SVM kernel: rbf
Param       MSE     T-MSE       R-MSE
0.0010      1.33        0.95        1.38
0.0050      1.15        0.89        1.33
0.0100      1.11        0.84        1.39
0.0500      0.97        0.76        1.39
0.1000      0.92        0.72        1.39
0.2500      0.89        0.67        1.32         best
0.5000      0.92        0.60        1.40
1.0000      0.93        0.53        1.38
5.0000      1.07        0.31        1.38
10.0000     1.13        0.24        1.44
25.0000     1.30        0.15        1.40
50.0000     1.44        0.12        1.42
100.0000        1.62        0.10        1.39
Error:
0.8880321183173251
Testing value: valence
Testing model: svm
SVM kernel: linear
Param       MSE     T-MSE       R-MSE
0.0010      0.96        0.76        1.42
0.0050      0.92        0.74        1.34
0.0100      0.91        0.73        1.36
0.0500      0.89        0.73        1.32
0.1000      0.87        0.73        1.35         best
0.2500      0.91        0.73        1.34
0.5000      0.95        0.73        1.43
1.0000      0.94        0.73        1.40
5.0000      0.91        0.73        1.41
10.0000     0.93        0.73        1.40
25.0000     0.91        0.73        1.39
50.0000     0.92        0.73        1.35
100.0000        0.90        0.73        1.36
Error:
0.8684283112590021
Testing value: valence
Testing model: svm
SVM kernel: poly
Param       MSE     T-MSE       R-MSE
0.0010      1.28        0.95        1.32
0.0050      1.24        0.90        1.36
0.0100      1.27        0.87        1.46
0.0500      1.19        0.78        1.37         best
0.1000      1.21        0.74        1.40
0.2500      1.65        0.67        1.37
0.5000      3.68        0.60        1.40
1.0000      2.24        0.54        1.35
5.0000      5.29        0.37        1.40
10.0000     3.66        0.30        1.36
25.0000     11.92       0.21        1.37
50.0000     10.36       0.17        1.43
100.0000        14.99       0.13        1.34
Error:
1.1855769028673293
Testing value: valence
Testing model: svm
SVM kernel: sigmoid
Param       MSE     T-MSE       R-MSE
0.0010      1.28        0.92        1.40
0.0050      1.06        0.84        1.36
0.0100      1.02        0.80        1.37
0.0500      0.96        0.77        1.38         best
0.1000      0.99        0.79        1.39
0.2500      1.53        1.00        1.34
0.5000      4.60        1.59        1.36
1.0000      23.99       3.02        1.41
5.0000      668.10      15.03       1.37
10.0000     2813.56     29.94       1.40
25.0000     19464.44        74.49       1.45
50.0000     77221.18        150.02      1.35
100.0000        281823.48       297.62      1.37
Error:
0.9649541077425203




--ROUND1---------------
Testing value: valence
Testing model: randomforest
Param       MSE     T-MSE       R-MSE
5.0000      1.07        0.33        1.36
10.0000     0.99        0.31        1.40
25.0000     0.93        0.29        1.40
50.0000     0.87        0.28        1.37
100.0000    0.83        0.28        1.32         best


Testing value: valence
Testing model: svm
SVM kernel: rbf
Param       MSE     T-MSE       R-MSE
0.0010      1.35        0.95        1.40
0.0050      1.21        0.89        1.38
0.0100      1.08        0.85        1.38
0.0500      1.02        0.76        1.49
0.1000      0.94        0.72        1.36
0.2500      0.95        0.66        1.42
0.5000      0.95        0.60        1.41
1.0000      0.92        0.53        1.31         best
5.0000      1.06        0.31        1.42
10.0000     1.12        0.24        1.36
100.0000        1.58        0.10        1.38
1000.0000       1.68        0.10        1.39
10000.0000      1.74        0.10        1.40
100000.0000     1.73        0.10        1.43


Testing value: valence
Testing model: svm
SVM kernel: poly
Param       MSE     T-MSE       R-MSE
0.0010      1.36        0.94        1.41
0.0050      1.24        0.90        1.37
0.0100      1.20        0.87        1.35         best
0.0500      1.26        0.78        1.37
0.1000      1.21        0.74        1.39
0.2500      1.70        0.67        1.51
0.5000      2.15        0.60        1.38
1.0000      3.19        0.54        1.37
5.0000      2.59        0.37        1.42
10.0000     7.36        0.30        1.40
100.0000        9.10        0.13        1.34
1000.0000       14.87       0.10        1.36
10000.0000      46.01       0.10        1.41
100000.0000     18.06       0.10        1.33


Testing value: valence
Testing model: svm
SVM kernel: sigmoid
Param       MSE     T-MSE       R-MSE
0.0010      1.27        0.92        1.39
0.0050      1.10        0.83        1.42
0.0100      0.98        0.80        1.36
0.0500      0.97        0.77        1.45         best
0.1000      0.97        0.79        1.39
0.2500      1.64        0.99        1.33
0.5000      5.05        1.59        1.37
1.0000      24.63       3.02        1.32
5.0000      678.25      14.97       1.43
10.0000     3420.30     29.55       1.36
100.0000        236517.41       299.57      1.40
1000.0000       24181908.61     3022.16     1.45
10000.0000      3279169062.37       29910.90        1.38
100000.0000     250079792049.82     302186.00       1.38
Error:
0.9653484311866904

Testing value: valence
Testing model: svm
SVM kernel: linear
Param       MSE     T-MSE       R-MSE
0.0010      1.01        0.76        1.49
0.0050      0.90        0.74        1.41
0.0100      0.90        0.73        1.41
0.0500      0.90        0.73        1.36
0.1000      0.91        0.73        1.40
0.2500      0.92        0.73        1.44
0.5000      0.89        0.73        1.41
1.0000      0.89        0.73        1.39
5.0000      0.94        0.73        1.41
10.0000     0.89        0.73        1.37
100.0000        0.83        0.73        1.32         best
Error:
0.827201876192653


-----round2 testing--------------
Testing value: valence
Testing model: randomforest
Param       MSE     T-MSE       R-MSE
5.0000      0.98        0.34        1.30
10.0000     1.02        0.31        1.45
25.0000     0.88        0.29        1.27         best
50.0000     0.89        0.28        1.40
100.0000        0.90        0.27        1.37
Error:
0.8788829316319019
Testing value: valence
Testing model: svm
SVM kernel: rbf
Param       MSE     T-MSE       R-MSE
0.0010      1.41        0.94        1.46
0.0050      1.19        0.89        1.38
0.0100      1.10        0.84        1.37
0.0500      1.06        0.75        1.47
0.1000      0.93        0.72        1.42
0.2500      0.92        0.66        1.36         best
0.5000      0.96        0.60        1.44
1.0000      1.02        0.53        1.41
5.0000      1.02        0.31        1.39
10.0000     1.02        0.24        1.38
100.0000        1.51        0.10        1.44
Error:
0.9227024720877672
Testing value: valence
Testing model: svm
SVM kernel: linear
Param       MSE     T-MSE       R-MSE
0.0010      0.88        0.76        1.30
0.0050      0.89        0.74        1.36
0.0100      0.86        0.73        1.33         best
0.0500      0.92        0.73        1.46
0.1000      0.96        0.73        1.38
0.2500      0.89        0.73        1.40
0.5000      0.94        0.73        1.39
1.0000      0.89        0.73        1.42
5.0000      0.99        0.73        1.41
10.0000     1.00        0.72        1.47
100.0000        0.95        0.73        1.43
Error:
0.8642082913984905
Testing value: valence
Testing model: svm
SVM kernel: poly
Param       MSE     T-MSE       R-MSE
0.0010      1.37        0.94        1.41
0.0050      1.23        0.90        1.35
0.0100      1.20        0.87        1.36         best
0.0500      1.24        0.78        1.36
0.1000      1.34        0.74        1.31
0.2500      1.91        0.67        1.36
0.5000      1.48        0.61        1.37
1.0000      3.10        0.54        1.39
5.0000      4.92        0.37        1.35
10.0000     3.02        0.30        1.35
100.0000        10.90       0.13        1.36
Error:
1.197469567509876
Testing value: valence
Testing model: svm
SVM kernel: sigmoid
Param       MSE     T-MSE       R-MSE
0.0010      1.30        0.92        1.41
0.0050      1.08        0.83        1.36
0.0100      1.05        0.80        1.45
0.0500      0.95        0.77        1.37         best
0.1000      0.97        0.79        1.38
0.2500      1.51        1.01        1.37
0.5000      5.72        1.60        1.44
1.0000      22.91       3.05        1.38
5.0000      578.90      15.27       1.31
10.0000     2136.75     30.25       1.37
100.0000        322292.64       299.67      1.46
Error:
0.9470138026959983