--ROUND3-------

Testing value: arousal
Testing model: randomforest
Param       MSE     T-MSE       R-MSE
1.0000      2.08        0.42        1.70
5.0000      1.16        0.35        1.61
10.0000     1.06        0.32        1.58
25.0000     1.02        0.30        1.69
50.0000     0.98        0.29        1.62         best
100.0000        0.99        0.29        1.67
Error:
0.9848248144539877
Testing value: arousal
Testing model: svm
SVM kernel: rbf
Param       MSE     T-MSE       R-MSE
0.0010      1.68        1.06        1.69
0.0050      1.59        1.05        1.66
0.0100      1.54        1.03        1.65
0.0500      1.24        0.93        1.57
0.1000      1.13        0.89        1.62
0.2500      1.12        0.84        1.62
0.5000      1.09        0.82        1.64
1.0000      1.05        0.81        1.70
5.0000      1.06        0.79        1.65
10.0000     1.05        0.78        1.61
25.0000     1.05        0.77        1.66
50.0000     0.98        0.77        1.61         best
100.0000        1.10        0.76        1.66
Error:
0.9756636411298889
Testing value: arousal
Testing model: svm
SVM kernel: linear
Param       MSE     T-MSE       R-MSE
0.0010      1.05        0.85        1.60
0.0050      1.07        0.81        1.65
0.0100      1.06        0.80        1.67
0.0500      1.03        0.79        1.70
0.1000      1.05        0.78        1.70
0.2500      1.05        0.78        1.69
0.5000      1.01        0.78        1.59
1.0000      1.00        0.77        1.67
5.0000      0.93        0.76        1.54         best
10.0000     1.05        0.76        1.61
25.0000     0.97        0.76        1.58
50.0000     1.02        0.75        1.60
100.0000        0.98        0.75        1.67
Error:
0.9344024418233507
Testing value: arousal
Testing model: svm
SVM kernel: poly
Param       MSE     T-MSE       R-MSE
0.0010      1.57        1.05        1.63
0.0050      1.43        0.98        1.67
0.0100      1.30        0.94        1.64
0.0500      1.21        0.86        1.74
0.1000      1.19        0.85        1.68
0.2500      1.13        0.83        1.77
0.5000      1.14        0.82        1.66
1.0000      1.06        0.82        1.66
5.0000      1.06        0.80        1.66         best
10.0000     1.07        0.79        1.62
25.0000     1.07        0.78        1.67
50.0000     1.08        0.78        1.66
100.0000        1.06        0.77        1.66
Error:
1.0550070099688538
Testing value: arousal
Testing model: svm
SVM kernel: sigmoid
Param       MSE     T-MSE       R-MSE
0.0010      1.63        1.07        1.63
0.0050      1.61        1.07        1.60         best
0.0100      1.67        1.07        1.65
0.0500      1.69        1.09        1.61
0.1000      1.84        1.11        1.66
0.2500      2.24        1.20        1.74
0.5000      2.71        1.41        1.55
1.0000      6.02        1.93        1.63
5.0000      80.24       7.10        1.59
10.0000     367.86      13.45       1.65
25.0000     1962.87     33.13       1.70
50.0000     8606.50     65.37       1.61
100.0000        29655.52        131.41      1.67
Error:
1.6099669519740125

---ROUND1-----------
Testing value: arousal
Testing model: randomforest
Param       MSE     T-MSE       R-MSE
5.0000      1.19        0.35        1.65
10.0000     1.06        0.32        1.66
25.0000     0.97        0.30        1.67
50.0000     0.95        0.29        1.64         best
100.0000        1.01        0.29        1.64
Error:
0.9518835966380369

Testing value: arousal
Testing model: svm
SVM kernel: rbf
Param       MSE     T-MSE       R-MSE
0.0010      1.68        1.06        1.69
0.0050      1.60        1.05        1.66
0.0100      1.55        1.03        1.67
0.0500      1.26        0.93        1.62
0.1000      1.14        0.89        1.62
0.2500      1.11        0.84        1.62
0.5000      1.06        0.82        1.61
1.0000      1.04        0.81        1.62
5.0000      1.01        0.79        1.66         best
25.0000     1.05        0.77        1.65
50.0000     1.03        0.77        1.76
10.0000     1.12        0.78        1.68
100.0000        1.06        0.76        1.64
Error:
1.0053090269817697
Testing value: arousal
Testing model: svm
SVM kernel: linear
Param       MSE     T-MSE       R-MSE
0.0010      1.13        0.84        1.64
0.0050      1.04        0.81        1.66
0.0100      1.11        0.80        1.67
0.0500      1.04        0.79        1.67
0.1000      1.00        0.78        1.61
0.2500      0.99        0.78        1.64
0.5000      1.00        0.77        1.63
1.0000      1.03        0.77        1.66
5.0000      0.93        0.76        1.61         best
10.0000     1.11        0.76        1.68
25.0000     1.00        0.76        1.55         
50.0000     1.11        0.75        1.66
100.0000        1.07        0.75        1.55
Error:
0.9298438577068261
Testing value: arousal
Testing model: svm
SVM kernel: poly
Param       MSE     T-MSE       R-MSE
0.0010      1.59        1.05        1.65
0.0050      1.39        0.99        1.63
0.0100      1.32        0.94        1.66
0.0500      1.16        0.86        1.58
0.1000      1.13        0.85        1.65
0.2500      1.08        0.84        1.63
0.5000      1.15        0.82        1.69
1.0000      1.05        0.82        1.66
5.0000      1.01        0.80        1.63
10.0000     1.01        0.79        1.60         best
25.0000     1.08        0.78        1.68
50.0000     0.98        0.78        1.64
100.0000        1.03        0.78        1.58
Error:
1.0079257561290063
Testing value: arousal
Testing model: svm
SVM kernel: sigmoid
Param       MSE     T-MSE       R-MSE
0.0010      1.65        1.07        1.66
0.0050      1.67        1.07        1.65
0.0100      1.65        1.07        1.63         best
0.0500      1.70        1.09        1.61
0.1000      1.81        1.12        1.65
0.2500      2.14        1.21        1.67
0.5000      3.07        1.40        1.67
1.0000      5.94        1.93        1.65
5.0000      95.51       7.03        1.65
10.0000     344.49      13.50       1.63
25.0000     2107.48     32.90       1.68         
50.0000     8200.41     65.32       1.66
100.0000        31663.62        130.33      1.64
Error:
1.646819740107056
