VALENCE w/o normalization 
--------------ROUND3----------------------------------------
Testing value: valence
Testing model: randomforest
Param       MSE     T-MSE       R-MSE
1.0000      1.82        0.39        1.41
5.0000      1.17        0.34        1.45
10.0000     0.92        0.31        1.35
25.0000     0.85        0.29        1.34
50.0000     0.92        0.28        1.38
100.0000        0.84        0.28        1.37         best
Error:
0.8374210441042944
Testing value: valence
Testing model: svm
SVM kernel: rbf
Param       MSE     T-MSE       R-MSE
0.0010      1.41        0.96        1.43
0.0050      1.41        0.94        1.47
0.0100      1.26        0.93        1.35
0.0500      1.08        0.86        1.33
0.1000      1.10        0.83        1.42
0.2500      1.05        0.81        1.45
0.5000      0.99        0.80        1.38
1.0000      0.92        0.79        1.30
5.0000      0.95        0.76        1.38
10.0000     0.93        0.75        1.41
25.0000     0.96        0.74        1.39
50.0000     0.92        0.73        1.34
100.0000        0.91        0.73        1.40         best
Error:
0.9050518058628274
Testing value: valence
Testing model: svm
SVM kernel: linear
Param       MSE     T-MSE       R-MSE
0.0010      1.03        0.81        1.40
0.0050      0.98        0.78        1.41
0.0100      0.97        0.77        1.39
0.0500      0.95        0.75        1.47
0.1000      0.96        0.74        1.40
0.2500      0.83        0.75        1.37         best
0.5000      0.84        0.74        1.32
1.0000      0.84        0.74        1.35
5.0000      0.91        0.73        1.34
10.0000     0.97        0.73        1.40
25.0000     0.91        0.73        1.38
50.0000     0.90        0.73        1.38
100.0000        0.87        0.73        1.36
Error:
0.8256295321200335
Testing value: valence
Testing model: svm
SVM kernel: poly
Param       MSE     T-MSE       R-MSE
0.0010      1.37        0.95        1.42
0.0050      1.24        0.89        1.43
0.0100      1.11        0.86        1.37
0.0500      1.02        0.82        1.42
0.1000      1.07        0.81        1.46
0.2500      1.01        0.80        1.37
0.5000      0.97        0.80        1.42
1.0000      1.02        0.78        1.46
5.0000      0.96        0.76        1.43
10.0000     0.94        0.76        1.37
25.0000     0.87        0.75        1.31         best
50.0000     0.91        0.75        1.36
100.0000        0.94        0.74        1.40
Error:
0.8670358380133493
Testing value: valence
Testing model: svm
SVM kernel: sigmoid
Param       MSE     T-MSE       R-MSE
0.0010      1.39        0.97        1.39         best
0.0050      1.42        0.97        1.41
0.0100      1.39        0.97        1.38
0.0500      1.50        0.99        1.45
0.1000      1.52        1.01        1.38
0.2500      1.79        1.09        1.38
0.5000      2.64        1.29        1.36
1.0000      5.90        1.82        1.39
5.0000      93.85       6.93        1.39
10.0000     360.22      13.30       1.43
25.0000     1907.94     33.05       1.33
50.0000     8020.39     65.31       1.34
100.0000        33535.49        129.61      1.35
Error:
1.3934191868792047



--------------ROUND1----------------------------------------
SVM linear 
Param       MSE     T-MSE       R-MSE
0.0010      0.99        0.81        1.41
0.0050      0.98        0.78        1.38
0.0100      0.88        0.78        1.39
0.0500      0.90        0.75        1.35
0.1000      0.87        0.75        1.34
0.2500      0.89        0.74        1.40
0.5000      0.86        0.74        1.38         best
1.0000      0.92        0.73        1.39
5.0000      0.86        0.73        1.36
10.0000     0.90        0.73        1.37
100.0000        0.93        0.73        1.36
1000.0000       0.94        0.73        1.36
10000.0000      2.27        1.11        1.43
100000.0000     148.13      9.11        1.36

Testing model: randomforest
Param       MSE     T-MSE       R-MSE
5.0000      1.11        0.33        1.42
10.0000     0.98        0.31        1.44
25.0000     0.97        0.28        1.44
50.0000     0.93        0.28        1.44
100.0000    0.89        0.27        1.35         best


---round 2 testing-----------------------------------------

Testing value: valence
Testing model: randomforest
Param       MSE     T-MSE       R-MSE
5.0000      1.10        0.34        1.38
10.0000     0.99        0.30        1.39
25.0000     0.96        0.29        1.46
50.0000     0.88        0.28        1.44
100.0000        0.87        0.28        1.38         best
Error:
0.8701083826319019
Testing value: valence
Testing model: svm
SVM kernel: rbf
Param       MSE     T-MSE       R-MSE
0.0010      1.38        0.96        1.39
0.0050      1.34        0.95        1.39
0.0100      1.31        0.93        1.41
0.0500      1.11        0.86        1.37
0.1000      1.08        0.83        1.39
0.2500      1.03        0.81        1.43
0.5000      0.99        0.80        1.41
1.0000      0.96        0.79        1.35
5.0000      0.94        0.76        1.44
10.0000     0.92        0.75        1.36         
25.0000     0.88        0.74        1.41         best
50.0000     0.93        0.73        1.43
100.0000        0.92        0.73        1.41
Error:
0.9166111716826238
Testing value: valence
Testing model: svm
SVM kernel: linear
Param       MSE     T-MSE       R-MSE
0.0010      0.98        0.81        1.36
0.0050      0.98        0.78        1.40
0.0100      0.96        0.77        1.37
0.0500      0.93        0.75        1.39
0.1000      0.87        0.75        1.41         best
0.2500      0.89        0.74        1.31
0.5000      0.88        0.74        1.37
1.0000      0.91        0.74        1.42
5.0000      0.91        0.73        1.40
10.0000     0.90        0.73        1.46
25.0000     0.92        0.73        1.40        
50.0000     0.96        0.73        1.38
100.0000        0.94        0.73        1.46
Error:
0.8706716159281779
Testing value: valence
Testing model: svm
SVM kernel: poly
Param       MSE     T-MSE       R-MSE
0.0010      1.38        0.95        1.44
0.0050      1.18        0.89        1.37
0.0100      1.09        0.86        1.33
0.0500      0.99        0.82        1.33
0.1000      1.01        0.82        1.37
0.2500      1.01        0.81        1.41
0.5000      1.07        0.79        1.40
1.0000      0.97        0.79        1.42
5.0000      0.99        0.76        1.42
10.0000     0.97        0.75        1.44
25.0000     0.95        0.75        1.40
50.0000     1.03        0.74        1.46
100.0000        0.91        0.74        1.47         best
Error:
0.9143358101534375
Testing value: valence
Testing model: svm
SVM kernel: sigmoid
Param       MSE     T-MSE       R-MSE
0.0010      1.29        0.97        1.29         best
0.0050      1.38        0.97        1.38
0.0100      1.41        0.97        1.40
0.0500      1.49        0.99        1.43
0.1000      1.57        1.01        1.44
0.2500      1.82        1.09        1.40
0.5000      2.42        1.30        1.29
1.0000      5.62        1.83        1.38
5.0000      102.43      6.89        1.42
10.0000     345.97      13.34       1.36
25.0000     2208.40     32.73       1.41         
50.0000     7745.44     65.21       1.35
100.0000        30983.83        130.13      1.40
Error:
1.2903544686693411